var pretty = [
["0.08119144", "0.49889526", "0.02561879", "0.13198154", "0.26231296", "Lab", "Wales"],
["0.13970780", "0.30343271", "0.06136121", "0.34524290", "0.15025537", "SNP", "Scotland"],
["0.24382350", "0.24716798", "0.06302730", "0.32825548", "0.11772575", "SNP", "Scotland"],
["0.32766838", "0.10149785", "0.07285011", "0.35233581", "0.14564785", "SNP", "Scotland"],
["0.04625539", "0.51467299", "0.01977309", "0.30884198", "0.11045655", "Lab", "Scotland"],
["0.29006674", "0.40713579", "0.08347067", "0.00000000", "0.21932680", "Lab", "England"],
["0.38866347", "0.28370649", "0.04289695", "0.00000000", "0.28473309", "Con", "England"],
["0.07589622", "0.43782918", "0.02793622", "0.28924055", "0.16909784", "Lab", "Scotland"],
["0.32309726", "0.40422141", "0.09187204", "0.00000000", "0.18080930", "Lab", "England"],
["0.18187684", "0.42392607", "0.04758942", "0.04466261", "0.30194506", "Lab", "Wales"],
["0.25216901", "0.37022407", "0.03738450", "0.00000000", "0.34022243", "Lab", "England"],
["0.30142773", "0.14359635", "0.06665540", "0.40428318", "0.08403734", "SNP", "Scotland"],
["0.15506494", "0.33370356", "0.05097808", "0.35317451", "0.10707890", "SNP", "Scotland"],
["0.20841692", "0.19136463", "0.16403638", "0.34733182", "0.08885025", "SNP", "Scotland"],
["0.40191816", "0.17869931", "0.18025210", "0.00000000", "0.23913043", "Con", "England"],
["0.08201695", "0.28970463", "0.01552079", "0.00000000", "0.61275764", "RUK", "England"],
["0.28702501", "0.32489622", "0.05204896", "0.00000000", "0.33602980", "Lab", "England"],
["0.12337498", "0.43921491", "0.03979019", "0.00000000", "0.39761992", "Lab", "England"],
["0.28936724", "0.30198238", "0.20905086", "0.00000000", "0.19959952", "Lab", "England"],
["0.22588919", "0.36471565", "0.02640707", "0.26324018", "0.11974790", "Lab", "Scotland"],
["0.31574578", "0.38332849", "0.09033169", "0.00000000", "0.21059405", "Lab", "England"],
["0.21689870", "0.33624580", "0.03658185", "0.21872300", "0.19155065", "Lab", "Wales"],
["0.11771801", "0.44485566", "0.02782575", "0.00000000", "0.40960057", "Lab", "England"],
["0.08356372", "0.50441806", "0.03621185", "0.00000000", "0.37580636", "Lab", "England"],
["0.09255459", "0.46744769", "0.03340745", "0.00000000", "0.40659027", "Lab", "England"],
["0.31294853", "0.43904692", "0.03979063", "0.00000000", "0.20821392", "Lab", "England"],
["0.30635742", "0.30588263", "0.05441079", "0.00000000", "0.33334916", "Con", "England"],
["0.29471922", "0.42707547", "0.06483088", "0.00000000", "0.21337443", "Lab", "England"],
["0.28316770", "0.41169393", "0.04447614", "0.00000000", "0.26066224", "Lab", "England"],
["0.15913152", "0.18003324", "0.41311033", "0.00000000", "0.24772491", "LD", "England"],
["0.07474147", "0.47008202", "0.05161060", "0.27222156", "0.13134435", "Lab", "Scotland"],
["0.23244552", "0.48814834", "0.10250202", "0.00000000", "0.17690412", "Lab", "England"],
["0.38750367", "0.15119641", "0.27320538", "0.00000000", "0.18809454", "Con", "England"],
["0.24602658", "0.49314465", "0.08494504", "0.00000000", "0.17588373", "Lab", "England"],
["0.21918886", "0.45111783", "0.09899407", "0.00000000", "0.23069923", "Lab", "England"],
["0.07656304", "0.44828870", "0.24120416", "0.00000000", "0.23394410", "Lab", "England"],
["0.40534387", "0.13555136", "0.07917007", "0.26360668", "0.11632802", "Con", "Scotland"],
["0.04116020", "0.34077218", "0.10240744", "0.00000000", "0.51566017", "Lab", "England"],
["0.34525692", "0.34249504", "0.07541707", "0.00000000", "0.23683097", "Con", "England"],
["0.33897382", "0.28332984", "0.07273298", "0.00000000", "0.30496335", "Con", "England"],
["0.31299326", "0.36163457", "0.05071213", "0.00000000", "0.27466004", "Lab", "England"],
["0.28795874", "0.16400167", "0.38668631", "0.00000000", "0.16135327", "LD", "England"],
["0.07506839", "0.52088839", "0.05313674", "0.00000000", "0.35090648", "Lab", "England"],
["0.21991557", "0.44349150", "0.05616116", "0.00000000", "0.28043176", "Lab", "England"],
["0.15824472", "0.43278554", "0.03304333", "0.00000000", "0.37592641", "Lab", "England"],
["0.09241456", "0.30759987", "0.11322886", "0.00000000", "0.48675672", "Lab", "England"],
["0.13575111", "0.31213382", "0.02759550", "0.00000000", "0.52451957", "Lab", "England"],
["0.06063588", "0.42532601", "0.04677547", "0.00000000", "0.46726264", "Lab", "England"],
["0.25337299", "0.39649952", "0.04756719", "0.00000000", "0.30256029", "Lab", "England"],
["0.11279219", "0.34144519", "0.03474224", "0.00000000", "0.51102039", "Ind", "England"],
["0.15183614", "0.45209900", "0.06048461", "0.00000000", "0.33558025", "Lab", "England"],
["0.10054228", "0.31194666", "0.10054228", "0.00000000", "0.48696879", "Lab", "England"],
["0.25636332", "0.42140154", "0.03396245", "0.00000000", "0.28827269", "Lab", "England"],
["0.08933577", "0.26708154", "0.01771800", "0.00000000", "0.62586468", "Ind", "England"],
["0.09805361", "0.53809828", "0.05079770", "0.00000000", "0.31305041", "Lab", "England"],
["0.28933270", "0.40047835", "0.03152356", "0.00000000", "0.27866539", "Lab", "England"],
["0.15645253", "0.48084139", "0.02959068", "0.00000000", "0.33311541", "Lab", "England"],
["0.12619477", "0.53562596", "0.04237685", "0.12846735", "0.16733507", "Lab", "Wales"],
["0.14335797", "0.50123176", "0.05384215", "0.00000000", "0.30156813", "Lab", "England"],
["0.15150615", "0.49577981", "0.03546942", "0.00000000", "0.31724462", "Lab", "England"],
["0.32780647", "0.29090263", "0.10623706", "0.00000000", "0.27505384", "Con", "England"],
["0.25625678", "0.40526465", "0.03483056", "0.00000000", "0.30364802", "Lab", "England"],
["0.21940082", "0.37284070", "0.03475634", "0.00000000", "0.37300214", "Lab", "England"],
["0.11291633", "0.40869212", "0.03747631", "0.00000000", "0.44091525", "Lab", "England"],
["0.27844298", "0.38932239", "0.04408269", "0.00000000", "0.28815194", "Lab", "England"],
["0.04305556", "0.68747428", "0.03346193", "0.00000000", "0.23600823", "Lab", "England"],
["0.33395130", "0.18857990", "0.03398838", "0.00000000", "0.44348041", "RUK", "England"],
["0.28583834", "0.40783790", "0.06862614", "0.00000000", "0.23769762", "Lab", "England"],
["0.28263737", "0.36442742", "0.10936628", "0.00000000", "0.24356893", "Lab", "England"],
["0.31934211", "0.33722654", "0.10876657", "0.00000000", "0.23466478", "Lab", "England"],
["0.09270206", "0.37881556", "0.05132201", "0.00000000", "0.47716036", "Lab", "England"],
["0.14687368", "0.35811997", "0.02887234", "0.00000000", "0.46613401", "Lab", "England"],
["0.08238721", "0.31617270", "0.02038780", "0.00000000", "0.58105229", "Lab", "England"],
["0.35518479", "0.28032961", "0.05872155", "0.00000000", "0.30576405", "Con", "England"],
["0.26346997", "0.21276961", "0.29509324", "0.04898170", "0.17968549", "LD", "Wales"],
["0.16726628", "0.51240675", "0.06970531", "0.00000000", "0.25062166", "Lab", "England"],
["0.32543020", "0.41710170", "0.07281999", "0.00000000", "0.18464811", "Lab", "England"],
["0.22501878", "0.44210457", "0.08536262", "0.00000000", "0.24751403", "Lab", "England"],
["0.36685840", "0.22928908", "0.12018952", "0.00000000", "0.28366300", "Con", "England"],
["0.16348431", "0.39918790", "0.03494949", "0.08771209", "0.31466622", "Lab", "Wales"],
["0.30603803", "0.27242144", "0.14406041", "0.00000000", "0.27748013", "Con", "England"],
["0.34576240", "0.27298134", "0.07212893", "0.00000000", "0.30912733", "Con", "England"],
["0.37416486", "0.29787334", "0.03392303", "0.00000000", "0.29403877", "Con", "England"],
["0.20228088", "0.43978273", "0.09706041", "0.00000000", "0.26087598", "Lab", "England"],
["0.07591238", "0.27727594", "0.03063232", "0.00000000", "0.61617936", "Green", "England"],
["0.04607402", "0.32588493", "0.02679580", "0.00000000", "0.60124524", "Green", "England"],
["0.13956061", "0.44997723", "0.05883884", "0.00000000", "0.35162333", "Lab", "England"],
["0.14803877", "0.45259473", "0.04677416", "0.00000000", "0.35259235", "Lab", "England"],
["0.13975322", "0.49640971", "0.08581628", "0.00000000", "0.27802080", "Lab", "England"],
["0.11397830", "0.42672166", "0.06269152", "0.00000000", "0.39660853", "Lab", "England"],
["0.32965080", "0.31512936", "0.11160705", "0.00000000", "0.24361279", "Con", "England"],
["0.34045054", "0.33399590", "0.09301530", "0.00000000", "0.23253826", "Con", "England"],
["0.32800317", "0.26816784", "0.14663228", "0.00000000", "0.25719671", "Con", "England"],
["0.36808530", "0.30154591", "0.06258149", "0.00000000", "0.26778730", "Con", "England"],
["0.23324554", "0.40890087", "0.07958109", "0.00000000", "0.27827250", "Lab", "England"],
["0.31865410", "0.36947167", "0.09025839", "0.00000000", "0.22161584", "Lab", "England"],
["0.20287520", "0.31717818", "0.23107329", "0.00000000", "0.24887334", "Lab", "England"],
["0.30587152", "0.35553510", "0.03644772", "0.00000000", "0.30214566", "Lab", "England"],
["0.27858084", "0.43112917", "0.02893234", "0.00000000", "0.26135764", "Lab", "England"],
["0.23418771", "0.45593879", "0.04254513", "0.00000000", "0.26732837", "Lab", "England"],
["0.30049319", "0.32902364", "0.06197316", "0.00000000", "0.30851001", "Lab", "England"],
["0.19351373", "0.24087799", "0.03203666", "0.34032102", "0.19325059", "PC", "Wales"],
["0.11468850", "0.38023748", "0.04676466", "0.21235026", "0.24595909", "Lab", "Wales"],
["0.04039263", "0.07403145", "0.49374566", "0.26596161", "0.12586866", "LD", "Scotland"],
["0.26316320", "0.44440413", "0.05214885", "0.00000000", "0.24028383", "Lab", "England"],
["0.24179136", "0.40514806", "0.08607304", "0.00000000", "0.26698755", "Lab", "England"],
["0.12049881", "0.46589074", "0.20275534", "0.00000000", "0.21085511", "Lab", "England"],
["0.29208670", "0.36484064", "0.02395642", "0.00000000", "0.31911624", "Lab", "England"],
["0.23031484", "0.41352078", "0.08070970", "0.00000000", "0.27545468", "Lab", "England"],
["0.10001789", "0.40469800", "0.17217494", "0.09073946", "0.23236971", "Lab", "Wales"],
["0.20310492", "0.43917595", "0.06673267", "0.09835064", "0.19263581", "Lab", "Wales"],
["0.13934552", "0.44486420", "0.07422912", "0.08237186", "0.25918930", "Lab", "Wales"],
["0.15271354", "0.36736153", "0.04292066", "0.21053690", "0.22646737", "Lab", "Wales"],
["0.28119359", "0.39428870", "0.06485569", "0.00000000", "0.25966202", "Lab", "England"],
["0.26185987", "0.13087637", "0.43124063", "0.00000000", "0.17602314", "LD", "England"],
["0.38109418", "0.23269264", "0.03300273", "0.00000000", "0.35321044", "Con", "England"],
["0.14841015", "0.43678022", "0.02373307", "0.27093846", "0.12013810", "Lab", "Scotland"],
["0.31499850", "0.31385686", "0.15406498", "0.00000000", "0.21707965", "Con", "England"],
["0.32621761", "0.23380652", "0.11647244", "0.00000000", "0.32350344", "Con", "England"],
["0.10286813", "0.11632327", "0.15007991", "0.46948296", "0.16124573", "PC", "Wales"],
["0.28622842", "0.33514506", "0.05325009", "0.00000000", "0.32537642", "Lab", "England"],
["0.22562141", "0.15590073", "0.46679545", "0.00000000", "0.15168240", "LD", "England"],
["0.30485448", "0.12043537", "0.39857244", "0.00000000", "0.17613771", "LD", "England"],
["0.39061041", "0.39383649", "0.07664063", "0.00000000", "0.13891247", "Lab", "England"],
["0.36062331", "0.05379274", "0.50615639", "0.00000000", "0.07942756", "LD", "England"],
["0.34837940", "0.06430998", "0.44848040", "0.00000000", "0.13883023", "LD", "England"],
["0.23242493", "0.49800868", "0.04644919", "0.00000000", "0.22311720", "Lab", "England"],
["0.37924399", "0.32099989", "0.10345616", "0.00000000", "0.19629997", "Con", "England"],
["0.20445193", "0.46482974", "0.06143665", "0.00000000", "0.26928167", "Lab", "England"],
["0.25733921", "0.06111999", "0.49165496", "0.00000000", "0.18988585", "LD", "England"],
["0.35622114", "0.25816293", "0.02628216", "0.00000000", "0.35933377", "Con", "England"],
["0.29112134", "0.07927371", "0.45548554", "0.00000000", "0.17411941", "LD", "England"],
["0.36711300", "0.42440866", "0.05139700", "0.00000000", "0.15708134", "Lab", "England"],
["0.00000000", "0.00000000", "0.00000000", "0.00000000", "1.00000000", "Spk", "England"],
["0.35789585", "0.16398014", "0.20040139", "0.00000000", "0.27772262", "Con", "England"],
["0.32115262", "0.39020783", "0.11054443", "0.00000000", "0.17809512", "Lab", "England"],
["0.12851060", "0.47089374", "0.14571590", "0.00000000", "0.25487976", "Lab", "England"],
["0.27895035", "0.16206101", "0.04386614", "0.00000000", "0.51512250", "RUK", "England"],
["0.10200978", "0.56540558", "0.14414731", "0.00000000", "0.18843733", "Lab", "England"],
["0.28986659", "0.38651667", "0.03887332", "0.07806031", "0.20668312", "Lab", "Wales"],
["0.32666298", "0.35539434", "0.04047854", "0.07588825", "0.20157590", "Lab", "Wales"],
["0.03568201", "0.49807648", "0.01732462", "0.33428003", "0.11463685", "Lab", "Scotland"],
["0.23503998", "0.41876935", "0.14237356", "0.00000000", "0.20381712", "Lab", "England"],
["0.30304407", "0.41041951", "0.04342182", "0.00000000", "0.24311460", "Lab", "England"],
["0.30898753", "0.37655860", "0.05556110", "0.00000000", "0.25889277", "Lab", "England"],
["0.29621489", "0.42388433", "0.04418319", "0.00000000", "0.23571760", "Lab", "England"],
["0.16858486", "0.49462366", "0.03314962", "0.00000000", "0.30364187", "Lab", "England"],
["0.20275993", "0.46861765", "0.04594337", "0.00000000", "0.28267904", "Lab", "England"],
["0.23776649", "0.47649248", "0.05923100", "0.00000000", "0.22651003", "Lab", "England"],
["0.07847797", "0.45724506", "0.03903072", "0.27965894", "0.14558730", "Lab", "Scotland"],
["0.18927612", "0.49068159", "0.04181169", "0.00000000", "0.27823060", "Lab", "England"],
["0.26769204", "0.38238903", "0.04831077", "0.00000000", "0.30160817", "Lab", "England"],
["0.23539632", "0.44148993", "0.04843528", "0.00000000", "0.27467848", "Lab", "England"],
["0.26761689", "0.42351356", "0.08138605", "0.00000000", "0.22748350", "Lab", "England"],
["0.40011746", "0.35327474", "0.08878448", "0.00000000", "0.15782332", "Con", "England"],
["0.16751482", "0.54068517", "0.09619118", "0.00000000", "0.19560883", "Lab", "England"],
["0.04732038", "0.45180105", "0.03157946", "0.35066868", "0.11863042", "Lab", "Scotland"],
["0.17819744", "0.42635140", "0.02657782", "0.00000000", "0.36887334", "Lab", "England"],
["0.33798197", "0.39220822", "0.04094105", "0.00000000", "0.22886875", "Lab", "England"],
["0.31918720", "0.34598094", "0.04909189", "0.00000000", "0.28573997", "Lab", "England"],
["0.33668664", "0.27994424", "0.12725594", "0.00000000", "0.25611318", "Con", "England"],
["0.23715145", "0.45502089", "0.04452699", "0.00000000", "0.26330067", "Lab", "England"],
["0.13882724", "0.38779112", "0.04831680", "0.00000000", "0.42506484", "Lab", "England"],
["0.33954205", "0.34636839", "0.09478858", "0.00000000", "0.21930098", "Lab", "England"],
["0.10985028", "0.22871027", "0.03519832", "0.00000000", "0.62624113", "Ind", "England"],
["0.28428919", "0.14698628", "0.39816929", "0.00000000", "0.17055524", "LD", "England"],
["0.20988826", "0.46160131", "0.03159920", "0.00000000", "0.29691124", "Lab", "England"],
["0.32737913", "0.38643565", "0.02979659", "0.00000000", "0.25638863", "Lab", "England"],
["0.22917876", "0.52354687", "0.03370750", "0.00000000", "0.21356687", "Lab", "England"],
["0.31081757", "0.08111678", "0.41871310", "0.00000000", "0.18935255", "LD", "England"],
["0.21705913", "0.39644165", "0.05431711", "0.00000000", "0.33218210", "Lab", "England"],
["0.40264871", "0.22133081", "0.10342881", "0.00000000", "0.27259167", "Con", "England"],
["0.28816069", "0.34123924", "0.02950050", "0.00000000", "0.34109956", "Lab", "England"],
["0.08534973", "0.60284719", "0.07679933", "0.00000000", "0.23500375", "Lab", "England"],
["0.29551065", "0.25706171", "0.04570180", "0.27519388", "0.12653195", "Con", "Scotland"],
["0.33923644", "0.22933912", "0.06332836", "0.24329398", "0.12480210", "Con", "Scotland"],
["0.04038818", "0.38274815", "0.06183072", "0.40012356", "0.11490939", "SNP", "Scotland"],
["0.07402834", "0.45660911", "0.07142376", "0.27157195", "0.12636684", "Lab", "Scotland"],
["0.31076121", "0.32524704", "0.14110110", "0.00000000", "0.22289065", "Lab", "England"],
["0.11664810", "0.14635475", "0.03418740", "0.53937368", "0.16343607", "PC", "Wales"],
["0.17469489", "0.46766732", "0.12677678", "0.00000000", "0.23086102", "Lab", "England"],
["0.18837898", "0.47795614", "0.05882217", "0.00000000", "0.27484271", "Lab", "England"],
["0.15394310", "0.49128503", "0.06049214", "0.00000000", "0.29427973", "Lab", "England"],
["0.37811996", "0.39658928", "0.13377183", "0.00000000", "0.09151893", "Lab", "England"],
["0.10934040", "0.48869596", "0.02362778", "0.00000000", "0.37833586", "Lab", "England"],
["0.38336674", "0.20717163", "0.21508940", "0.00000000", "0.19437223", "Con", "England"],
["0.10229072", "0.51646786", "0.03193286", "0.00000000", "0.34930856", "Lab", "England"],
["0.37013558", "0.09732832", "0.34463864", "0.00000000", "0.18789745", "Con", "England"],
["0.07594151", "0.48562314", "0.02299441", "0.29171216", "0.12372878", "Lab", "Scotland"],
["0.16911223", "0.43671730", "0.02289605", "0.26905847", "0.10221594", "Lab", "Scotland"],
["0.35576063", "0.20432555", "0.17954712", "0.00000000", "0.26036670", "Con", "England"],
["0.23606396", "0.39926954", "0.03195748", "0.00000000", "0.33270901", "Lab", "England"],
["0.35702329", "0.25709321", "0.17383934", "0.00000000", "0.21204416", "Con", "England"],
["0.25675455", "0.45071111", "0.06479482", "0.00000000", "0.22773952", "Lab", "England"],
["0.25299857", "0.05896283", "0.52060081", "0.00000000", "0.16743778", "LD", "England"],
["0.31072813", "0.15090478", "0.34403274", "0.00000000", "0.19433434", "LD", "England"],
["0.05700494", "0.41228744", "0.04276467", "0.33077345", "0.15716950", "Lab", "Scotland"],
["0.06577059", "0.42051541", "0.07840323", "0.27361294", "0.16169783", "Lab", "Scotland"],
["0.08544398", "0.53337889", "0.05864263", "0.16497245", "0.15756204", "Lab", "Scotland"],
["0.12171514", "0.40870270", "0.06600385", "0.27255606", "0.13102225", "Lab", "Scotland"],
["0.05521145", "0.14968268", "0.50780431", "0.19391664", "0.09338492", "LD", "Scotland"],
["0.19217932", "0.49993909", "0.06629309", "0.00000000", "0.24158850", "Lab", "England"],
["0.12415404", "0.57635116", "0.05547612", "0.00000000", "0.24401868", "Lab", "England"],
["0.25545363", "0.44043805", "0.05317561", "0.00000000", "0.25093271", "Lab", "England"],
["0.31759247", "0.17491264", "0.32704463", "0.00000000", "0.18045027", "LD", "England"],
["0.19847328", "0.49130875", "0.05787271", "0.00000000", "0.25234526", "Lab", "England"],
["0.43201686", "0.29593083", "0.12617057", "0.00000000", "0.14588173", "Con", "England"],
["0.31156350", "0.15268226", "0.37916552", "0.00000000", "0.15658872", "LD", "England"],
["0.26426545", "0.40050226", "0.05641073", "0.00000000", "0.27882156", "Lab", "England"],
["0.13779440", "0.55092994", "0.04636073", "0.00000000", "0.26491493", "Lab", "England"],
["0.30274684", "0.05282108", "0.52551967", "0.00000000", "0.11891240", "LD", "England"],
["0.15643737", "0.45341460", "0.10451549", "0.00000000", "0.28563254", "Lab", "England"],
["0.28700600", "0.28464806", "0.22189960", "0.00000000", "0.20644633", "Con", "England"],
["0.08389443", "0.43033431", "0.02561877", "0.31312610", "0.14702639", "Lab", "Scotland"],
["0.35035812", "0.22907647", "0.19019213", "0.00000000", "0.23037328", "Con", "England"],
["0.35746487", "0.13822503", "0.33201924", "0.00000000", "0.17229086", "Con", "England"],
["0.31798086", "0.28645319", "0.08923896", "0.00000000", "0.30632699", "Con", "England"],
["0.21073881", "0.41502302", "0.04682799", "0.00000000", "0.32741019", "Lab", "England"],
["0.25621935", "0.45476205", "0.07139595", "0.00000000", "0.21762265", "Lab", "England"],
["0.35050417", "0.44344580", "0.06847370", "0.00000000", "0.13757634", "Lab", "England"],
["0.26108773", "0.34731536", "0.04014244", "0.00000000", "0.35145447", "Lab", "England"],
["0.33467801", "0.34045871", "0.05414735", "0.00000000", "0.27071593", "Lab", "England"],
["0.23899735", "0.13734053", "0.35491052", "0.00000000", "0.26875161", "LD", "England"],
["0.33188073", "0.32018349", "0.04420350", "0.00000000", "0.30373228", "Con", "England"],
["0.35634572", "0.28068973", "0.10712220", "0.00000000", "0.25584235", "Con", "England"],
["0.11507571", "0.45366387", "0.12400229", "0.00000000", "0.30725812", "Lab", "England"],
["0.23391897", "0.47777185", "0.05075736", "0.00000000", "0.23755182", "Lab", "England"],
["0.28172095", "0.37826932", "0.05464268", "0.00000000", "0.28536704", "Lab", "England"],
["0.04815912", "0.43851037", "0.02460150", "0.33175342", "0.15697560", "Lab", "Scotland"],
["0.03932180", "0.42186016", "0.03287372", "0.31998618", "0.18595815", "Lab", "Scotland"],
["0.03467191", "0.45874278", "0.01736529", "0.32272447", "0.16649556", "Lab", "Scotland"],
["0.03815659", "0.41757516", "0.03105385", "0.31955260", "0.19366181", "Lab", "Scotland"],
["0.03888531", "0.43600886", "0.02685806", "0.34391208", "0.15433570", "Lab", "Scotland"],
["0.04310561", "0.46666834", "0.03298080", "0.30512255", "0.15212270", "Lab", "Scotland"],
["0.28867386", "0.06529953", "0.42743797", "0.00000000", "0.21858864", "LD", "England"],
["0.05459476", "0.44256897", "0.04438418", "0.36082902", "0.09762307", "Lab", "Scotland"],
["0.28541101", "0.36050074", "0.10415390", "0.00000000", "0.24993434", "Lab", "England"],
["0.42586295", "0.05024133", "0.40957291", "0.00000000", "0.11432280", "Con", "England"],
["0.38158900", "0.30977846", "0.06795063", "0.00000000", "0.24068192", "Con", "England"],
["0.32881773", "0.10686918", "0.16664386", "0.30879402", "0.08887521", "Con", "Scotland"],
["0.07899344", "0.50752188", "0.03826586", "0.00000000", "0.37521882", "Lab", "England"],
["0.40269214", "0.26596201", "0.09122118", "0.00000000", "0.24012467", "Con", "England"],
["0.18871880", "0.43363188", "0.05490271", "0.08346567", "0.23928095", "Lab", "Wales"],
["0.36357724", "0.26610298", "0.04394580", "0.00000000", "0.32637398", "Con", "England"],
["0.32177554", "0.38450685", "0.03548298", "0.00000000", "0.25823464", "Lab", "England"],
["0.22581174", "0.41879898", "0.02829132", "0.00000000", "0.32709795", "Lab", "England"],
["0.24624521", "0.31802788", "0.02704427", "0.00000000", "0.40868263", "RUK", "England"],
["0.11383693", "0.56178750", "0.09047496", "0.00000000", "0.23390061", "Lab", "England"],
["0.30040999", "0.08139728", "0.47494513", "0.00000000", "0.14324761", "LD", "England"],
["0.08440147", "0.59461901", "0.03813570", "0.00000000", "0.28284382", "Lab", "England"],
["0.04978298", "0.59288746", "0.04786456", "0.00000000", "0.30946500", "Lab", "England"],
["0.27629737", "0.38941884", "0.05860853", "0.00000000", "0.27567526", "Lab", "England"],
["0.19560352", "0.35149450", "0.05866116", "0.00000000", "0.39424081", "Lab", "England"],
["0.36425080", "0.16208059", "0.27533146", "0.00000000", "0.19833716", "Con", "England"],
["0.10904382", "0.49947724", "0.03590438", "0.27440357", "0.08117099", "Lab", "Scotland"],
["0.19084766", "0.52308729", "0.09326177", "0.00000000", "0.19280329", "Lab", "England"],
["0.17429454", "0.48263646", "0.12731205", "0.00000000", "0.21575695", "Lab", "England"],
["0.36942802", "0.32223237", "0.09391498", "0.00000000", "0.21442464", "Con", "England"],
["0.31849528", "0.37624836", "0.03113684", "0.00000000", "0.27411952", "Lab", "England"],
["0.30502797", "0.07473866", "0.50209806", "0.00000000", "0.11813531", "LD", "England"],
["0.30228181", "0.07976721", "0.46051014", "0.00000000", "0.15744084", "LD", "England"],
["0.53301798", "0.28854888", "0.03162610", "0.00000000", "0.14680704", "Con", "England"],
["0.29157180", "0.43838554", "0.05313764", "0.00000000", "0.21690502", "Lab", "England"],
["0.21872096", "0.46222297", "0.01610768", "0.00000000", "0.30294838", "Lab", "England"],
["0.34390026", "0.31971359", "0.07412110", "0.00000000", "0.26226505", "Con", "England"],
["0.22789737", "0.41604697", "0.05622962", "0.00000000", "0.29982605", "Lab", "England"],
["0.30782724", "0.30564642", "0.07763239", "0.00000000", "0.30889395", "Con", "England"],
["0.21855670", "0.53255905", "0.03434686", "0.00000000", "0.21453739", "Lab", "England"],
["0.19589982", "0.23540154", "0.37671203", "0.00000000", "0.19198661", "LD", "England"],
["0.27176476", "0.38188084", "0.11553460", "0.00000000", "0.23081981", "Lab", "England"],
["0.38394415", "0.38430774", "0.04765367", "0.00000000", "0.18409443", "Lab", "England"],
["0.33179073", "0.06723480", "0.44968678", "0.00000000", "0.15128769", "LD", "England"],
["0.32631879", "0.29825331", "0.11684806", "0.00000000", "0.25857983", "Con", "England"],
["0.35314478", "0.30196408", "0.05548160", "0.00000000", "0.28940955", "Con", "England"],
["0.29735785", "0.38526912", "0.07715381", "0.00000000", "0.24021922", "Lab", "England"],
["0.44683067", "0.28035495", "0.07728040", "0.00000000", "0.19553398", "Con", "England"],
["0.39119781", "0.46283862", "0.04584395", "0.00000000", "0.10011963", "Lab", "England"],
["0.17298680", "0.40584433", "0.06199838", "0.00000000", "0.35917048", "Lab", "England"],
["0.29721985", "0.45793196", "0.03469089", "0.00000000", "0.21015730", "Lab", "England"],
["0.35632545", "0.17994100", "0.24318500", "0.00000000", "0.22054855", "Con", "England"],
["0.28486003", "0.43928775", "0.09356313", "0.00000000", "0.18228909", "Lab", "England"],
["0.07191337", "0.48919745", "0.05792446", "0.00000000", "0.38096472", "Lab", "England"],
["0.32192281", "0.05817787", "0.45419011", "0.00000000", "0.16570921", "LD", "England"],
["0.32529684", "0.27582017", "0.05075569", "0.00000000", "0.34812730", "Con", "England"],
["0.08245960", "0.58663295", "0.12538547", "0.00000000", "0.20552198", "Lab", "England"],
["0.34442062", "0.10773167", "0.38977279", "0.00000000", "0.15807492", "LD", "England"],
["0.13773981", "0.47054856", "0.05720424", "0.00000000", "0.33450739", "Lab", "England"],
["0.12772352", "0.52416729", "0.05867961", "0.00000000", "0.28942958", "Lab", "England"],
["0.16330138", "0.37597411", "0.04334620", "0.00000000", "0.41737831", "Lab", "England"],
["0.35082629", "0.32202152", "0.09264028", "0.00000000", "0.23451191", "Con", "England"],
["0.28864024", "0.33501952", "0.03326552", "0.00000000", "0.34307472", "Lab", "England"],
["0.20514844", "0.33371012", "0.02320423", "0.00000000", "0.43793721", "Lab", "England"],
["0.14918630", "0.40167598", "0.03254797", "0.00000000", "0.41658975", "Lab", "England"],
["0.07095415", "0.46916976", "0.03120198", "0.31127633", "0.11739777", "Lab", "Scotland"],
["0.05206426", "0.12997336", "0.37787165", "0.33292409", "0.10716664", "LD", "Scotland"],
["0.26538994", "0.43336888", "0.05084977", "0.00000000", "0.25039141", "Lab", "England"],
["0.30597453", "0.18381360", "0.10417278", "0.00000000", "0.40603909", "Con", "England"],
["0.29346748", "0.38611840", "0.07949840", "0.00000000", "0.24091572", "Lab", "England"],
["0.03979105", "0.34430478", "0.03389381", "0.00000000", "0.58201037", "Ind", "England"],
["0.08382841", "0.53669832", "0.09461103", "0.00000000", "0.28486224", "Lab", "England"],
["0.09131997", "0.51339577", "0.04737530", "0.00000000", "0.34790895", "Lab", "England"],
["0.40248127", "0.36729745", "0.02100204", "0.00000000", "0.20921924", "Con", "England"],
["0.36374719", "0.24045386", "0.19624906", "0.00000000", "0.19954989", "Con", "England"],
["0.33697623", "0.40624702", "0.06943782", "0.00000000", "0.18733893", "Lab", "England"],
["0.28247497", "0.35852362", "0.02701519", "0.00000000", "0.33198622", "Lab", "England"],
["0.08303122", "0.44858515", "0.02001036", "0.32807571", "0.12029757", "Lab", "Scotland"],
["0.17043660", "0.12950024", "0.51061898", "0.00000000", "0.18944418", "LD", "England"],
["0.09105849", "0.43758385", "0.10906896", "0.00000000", "0.36228870", "Lab", "England"],
["0.12809982", "0.48341530", "0.08491158", "0.00000000", "0.30357330", "Lab", "England"],
["0.18136099", "0.46820158", "0.06875688", "0.00000000", "0.28168055", "Lab", "England"],
["0.40281098", "0.26330235", "0.04603807", "0.00000000", "0.28784861", "Con", "England"],
["0.04150137", "0.67253863", "0.03417760", "0.00000000", "0.25178240", "Lab", "England"],
["0.23395647", "0.44910249", "0.03555153", "0.00000000", "0.28138951", "Lab", "England"],
["0.07080234", "0.50175661", "0.08263966", "0.00000000", "0.34480139", "Lab", "England"],
["0.17512948", "0.47247893", "0.03668630", "0.00000000", "0.31570529", "Lab", "England"],
["0.15889920", "0.51497775", "0.04799965", "0.00000000", "0.27812341", "Lab", "England"],
["0.22070434", "0.45969022", "0.11332543", "0.00000000", "0.20628001", "Lab", "England"],
["0.13170023", "0.54034346", "0.04230065", "0.00000000", "0.28565566", "Lab", "England"],
["0.23024696", "0.43972742", "0.04471636", "0.00000000", "0.28530926", "Lab", "England"],
["0.17103964", "0.49295994", "0.04527978", "0.00000000", "0.29072063", "Lab", "England"],
["0.31095603", "0.21620927", "0.13548401", "0.00000000", "0.33735069", "Con", "England"],
["0.11520903", "0.32889548", "0.03406076", "0.00000000", "0.52183474", "Ind", "England"],
["0.19835014", "0.44630901", "0.06155889", "0.00000000", "0.29378196", "Lab", "England"],
["0.15746903", "0.48508623", "0.03879038", "0.00000000", "0.31865436", "Lab", "England"],
["0.26838809", "0.06721456", "0.50580182", "0.00000000", "0.15859553", "LD", "England"],
["0.10830032", "0.58188351", "0.06080665", "0.00000000", "0.24900952", "Lab", "England"],
["0.06115426", "0.57660697", "0.07435416", "0.00000000", "0.28788462", "Lab", "England"],
["0.07491274", "0.59046839", "0.07665790", "0.00000000", "0.25796096", "Lab", "England"],
["0.11081131", "0.47459526", "0.06436934", "0.00000000", "0.35022409", "Lab", "England"],
["0.33443304", "0.35092864", "0.07274356", "0.00000000", "0.24189475", "Lab", "England"],
["0.22953036", "0.43809298", "0.06119545", "0.00000000", "0.27118121", "Lab", "England"],
["0.07008311", "0.58366871", "0.07713190", "0.00000000", "0.26911628", "Lab", "England"],
["0.03566907", "0.61885056", "0.04768228", "0.00000000", "0.29779809", "Lab", "England"],
["0.03475573", "0.70574202", "0.02561948", "0.00000000", "0.23388277", "Lab", "England"],
["0.04739420", "0.57960568", "0.06929549", "0.00000000", "0.30370463", "Lab", "England"],
["0.04120402", "0.66573699", "0.03357365", "0.00000000", "0.25948534", "Lab", "England"],
["0.07736396", "0.40865299", "0.04516057", "0.32997324", "0.13884924", "Lab", "Scotland"],
["0.10492342", "0.31295405", "0.03077754", "0.23343314", "0.31791184", "Lab", "Wales"],
["0.11506798", "0.48968858", "0.05507048", "0.21392042", "0.12625255", "Lab", "Scotland"],
["0.29080196", "0.40817341", "0.06060248", "0.00000000", "0.24042216", "Lab", "England"],
["0.37524473", "0.22537060", "0.05086168", "0.00000000", "0.34852299", "Con", "England"],
["0.29762816", "0.34583015", "0.03560157", "0.00000000", "0.32094013", "Lab", "England"],
["0.18497871", "0.37881017", "0.04878049", "0.00000000", "0.38743064", "Lab", "England"],
["0.17547288", "0.35415038", "0.06252931", "0.00000000", "0.40784743", "Lab", "England"],
["0.29459009", "0.46734354", "0.04701470", "0.00000000", "0.19105167", "Lab", "England"],
["0.37616484", "0.11456615", "0.43503745", "0.00000000", "0.07423156", "LD", "England"],
["0.30494298", "0.26885684", "0.13742482", "0.00000000", "0.28877536", "Con", "England"],
["0.10875990", "0.45207759", "0.06792837", "0.00000000", "0.37123414", "Lab", "England"],
["0.38871612", "0.19696635", "0.11801529", "0.00000000", "0.29630224", "Con", "England"],
["0.07106356", "0.50809314", "0.07680302", "0.00000000", "0.34404028", "Lab", "England"],
["0.05779630", "0.51851342", "0.00000000", "0.00000000", "0.42369028", "Lab", "England"],
["0.05463564", "0.52876758", "0.12968776", "0.00000000", "0.28690901", "Lab", "England"],
["0.30576581", "0.39058583", "0.01944654", "0.00000000", "0.28420182", "Lab", "England"],
["0.34431576", "0.08958459", "0.39120755", "0.00000000", "0.17489210", "LD", "England"],
["0.38111599", "0.26377593", "0.05538642", "0.00000000", "0.29972165", "Con", "England"],
["0.38133303", "0.27723402", "0.07614398", "0.00000000", "0.26528897", "Con", "England"],
["0.07630271", "0.44841687", "0.03623456", "0.13539685", "0.30364901", "Lab", "Wales"],
["0.31368891", "0.35396427", "0.05086963", "0.06352270", "0.21795449", "Lab", "Wales"],
["0.34082344", "0.31420165", "0.08198142", "0.00000000", "0.26299349", "Con", "England"],
["0.37348705", "0.16998758", "0.26464755", "0.00000000", "0.19187782", "Con", "England"],
["0.22958876", "0.44465056", "0.05938471", "0.00000000", "0.26637597", "Lab", "England"],
["0.32534758", "0.36484866", "0.04966031", "0.00000000", "0.26014345", "Lab", "England"],
["0.40574383", "0.09221634", "0.43304924", "0.00000000", "0.06899059", "LD", "England"],
["0.04649399", "0.20844552", "0.42377413", "0.24035800", "0.08092836", "LD", "Scotland"],
["0.36909469", "0.32328824", "0.05086368", "0.00000000", "0.25675338", "Con", "England"],
["0.36538336", "0.29884306", "0.06810903", "0.00000000", "0.26766455", "Con", "England"],
["0.27141464", "0.17621137", "0.39633963", "0.00000000", "0.15603435", "LD", "England"],
["0.17944023", "0.47193885", "0.03013922", "0.00000000", "0.31848170", "Lab", "England"],
["0.42734324", "0.43296963", "0.05342448", "0.00000000", "0.08626265", "Lab", "England"],
["0.07354240", "0.48635798", "0.05862108", "0.30143779", "0.08004076", "Lab", "Scotland"],
["0.27065306", "0.42341134", "0.10331245", "0.00000000", "0.20262314", "Lab", "England"],
["0.30206408", "0.42016661", "0.07318877", "0.00000000", "0.20458055", "Lab", "England"],
["0.13974147", "0.55430339", "0.08003536", "0.00000000", "0.22591979", "Lab", "England"],
["0.34757297", "0.41322477", "0.04482338", "0.02503737", "0.16934152", "Lab", "Wales"],
["0.17973139", "0.29378858", "0.14956425", "0.13100164", "0.24591415", "Lab", "Wales"],
["0.29986682", "0.17740688", "0.08130343", "0.32136873", "0.12005413", "SNP", "Scotland"],
["0.28689736", "0.40789446", "0.09923219", "0.00000000", "0.20597599", "Lab", "England"],
["0.06188182", "0.49115974", "0.02106288", "0.30961410", "0.11628145", "Lab", "Scotland"],
["0.04782673", "0.49467771", "0.02823773", "0.21111768", "0.21814015", "Lab", "Scotland"],
["0.09380372", "0.41849167", "0.05839998", "0.13329347", "0.29601116", "Lab", "Wales"],
["0.38496573", "0.19714791", "0.15914216", "0.00000000", "0.25874420", "Con", "England"],
["0.35418780", "0.23333405", "0.17666228", "0.00000000", "0.23581587", "Con", "England"],
["0.39222582", "0.32540826", "0.05660413", "0.00000000", "0.22576180", "Con", "England"],
["0.35291232", "0.07484161", "0.40149193", "0.00000000", "0.17075414", "LD", "England"],
["0.10223673", "0.45641398", "0.04705598", "0.00000000", "0.39429331", "Lab", "England"],
["0.08322110", "0.50093334", "0.07005978", "0.00000000", "0.34578578", "Lab", "England"],
["0.13735936", "0.50270482", "0.12209721", "0.00000000", "0.23783862", "Lab", "England"],
["0.27570801", "0.40365490", "0.05015397", "0.00000000", "0.27048311", "Lab", "England"],
["0.16835795", "0.42485272", "0.05307415", "0.05810906", "0.29560614", "Lab", "Wales"],
["0.15994851", "0.41498415", "0.04974852", "0.08412195", "0.29119687", "Lab", "Wales"],
["0.26994082", "0.14825388", "0.31674029", "0.00000000", "0.26506501", "LD", "England"],
["0.20566682", "0.46162726", "0.03741906", "0.00000000", "0.29528685", "Lab", "England"],
["0.13741781", "0.47525379", "0.03628711", "0.00000000", "0.35104129", "Lab", "England"],
["0.14088306", "0.39801713", "0.02378023", "0.31399366", "0.12332592", "Lab", "Scotland"],
["0.38752158", "0.28251973", "0.10769768", "0.00000000", "0.22226101", "Con", "England"],
["0.27587082", "0.05772270", "0.47017270", "0.00000000", "0.19623378", "LD", "England"],
["0.34693106", "0.17107647", "0.28009716", "0.00000000", "0.20189532", "Con", "England"],
["0.29321042", "0.06254741", "0.42437326", "0.00000000", "0.21986891", "LD", "England"],
["0.36648351", "0.08795765", "0.33450073", "0.00000000", "0.21105811", "Con", "England"],
["0.15618910", "0.39846024", "0.10123902", "0.00000000", "0.34411163", "Lab", "England"],
["0.41469267", "0.20441086", "0.06932816", "0.00000000", "0.31156831", "Con", "England"],
["0.34531025", "0.38353028", "0.04707191", "0.00000000", "0.22408756", "Lab", "England"],
["0.03899083", "0.09422393", "0.54727579", "0.23181520", "0.08769425", "LD", "Scotland"],
["0.36976242", "0.09101872", "0.38117351", "0.00000000", "0.15804536", "LD", "England"],
["0.31292841", "0.34954303", "0.10401752", "0.00000000", "0.23351104", "Lab", "England"],
["0.30161369", "0.40565281", "0.07585330", "0.00000000", "0.21688020", "Lab", "England"],
["0.31456257", "0.06363925", "0.02851356", "0.00000000", "0.59328462", "Green", "England"],
["0.35930957", "0.06117807", "0.41425929", "0.00000000", "0.16525307", "LD", "England"],
["0.26181848", "0.36555904", "0.10582888", "0.00000000", "0.26679360", "Lab", "England"],
["0.21984514", "0.06902045", "0.52857200", "0.00000000", "0.18256241", "LD", "England"],
["0.34406502", "0.35594986", "0.13244430", "0.00000000", "0.16754083", "Lab", "England"],
["0.30603322", "0.35972154", "0.02999511", "0.00000000", "0.30425012", "Lab", "England"],
["0.33193769", "0.33281560", "0.07185305", "0.00000000", "0.26339366", "Lab", "England"],
["0.35597396", "0.30798367", "0.11133380", "0.00000000", "0.22470856", "Con", "England"],
["0.34964485", "0.28494973", "0.15005017", "0.00000000", "0.21535525", "Con", "England"],
["0.32650498", "0.34734003", "0.03353784", "0.00000000", "0.29261715", "Lab", "England"],
["0.36119463", "0.25003366", "0.14567159", "0.00000000", "0.24310012", "Con", "England"],
["0.21990768", "0.43548657", "0.05383493", "0.00000000", "0.29077081", "Lab", "England"],
["0.29197795", "0.38470299", "0.07272686", "0.00000000", "0.25059220", "Lab", "England"],
["0.21728395", "0.45436469", "0.04529662", "0.00000000", "0.28305474", "Lab", "England"],
["0.12875042", "0.47641645", "0.07932143", "0.00000000", "0.31551170", "Lab", "England"],
["0.10782671", "0.53553474", "0.04782836", "0.00000000", "0.30881020", "Lab", "England"],
["0.19387551", "0.47076299", "0.03816380", "0.00000000", "0.29719770", "Lab", "England"],
["0.16074090", "0.47382828", "0.06262356", "0.00000000", "0.30280726", "Lab", "England"],
["0.28478878", "0.36920389", "0.03251401", "0.00000000", "0.31349332", "Lab", "England"],
["0.37599983", "0.30151366", "0.04045515", "0.00000000", "0.28203136", "Con", "England"],
["0.17067266", "0.35170348", "0.08451267", "0.00000000", "0.39311119", "Lab", "England"],
["0.10541052", "0.34303788", "0.03295051", "0.00000000", "0.51860109", "Lab", "England"],
["0.02832560", "0.07216744", "0.55065739", "0.17328886", "0.17556071", "LD", "Scotland"],
["0.37991882", "0.26883424", "0.10261976", "0.00000000", "0.24862718", "Con", "England"],
["0.28924395", "0.39277004", "0.04068562", "0.00000000", "0.27730039", "Lab", "England"],
["0.12045957", "0.49670827", "0.08736433", "0.00000000", "0.29546783", "Lab", "England"],
["0.18522544", "0.13002739", "0.50902213", "0.00000000", "0.17572503", "LD", "England"],
["0.06404297", "0.47113370", "0.03309328", "0.31860112", "0.11312893", "Lab", "Scotland"],
["0.05375094", "0.47435991", "0.03185331", "0.31625609", "0.12377976", "Lab", "Scotland"],
["0.05866433", "0.58800938", "0.07021161", "0.00000000", "0.28311467", "Lab", "England"],
["0.32568336", "0.34497583", "0.04361124", "0.00000000", "0.28572956", "Lab", "England"],
["0.23723416", "0.43600591", "0.06518822", "0.00000000", "0.26157170", "Lab", "England"],
["0.29887786", "0.40555184", "0.09622370", "0.00000000", "0.19934660", "Lab", "England"],
["0.29556483", "0.18008267", "0.07350680", "0.37797791", "0.07286778", "SNP", "Scotland"],
["0.31763470", "0.32045281", "0.04169851", "0.00000000", "0.32021399", "Lab", "England"],
["0.28143084", "0.41219433", "0.04120777", "0.00000000", "0.26516707", "Lab", "England"],
["0.16327355", "0.49400166", "0.05798788", "0.00000000", "0.28473690", "Lab", "England"],
["0.15034625", "0.47526212", "0.03373474", "0.00000000", "0.34065690", "Lab", "England"],
